 -0.193074 -1.305576
0.8480702 +1.433826
 -0.6354967 +0.1117432
0.9008151 -1.44541
1.050261 -0.9188486
1.701359 -0.8565552
0.4985628 -0.6632718
 -0.4249864 -0.2404898
1.382949 -0.9921497
 -0.4739273 -0.8807724
1.483392 +0.7944393
 -0.2799823 +1.263803
0.5660009 +0.8044704
 -0.8876184 -0.5500975
 -0.9819444 -0.1826229
1.119035 +0.3203958
1.846956 +0.3852925
1.375331 +0.9960359
0.0006891339 -1.411782
1.134711 -1.11623
1.311342 -0.01886639
-0.1861435 +1.263855
0.7312911 +0.6363747
 -0.9566799 +0.07781697
 -0.6997524 +0.865398
1.989768 -0.168539
 -0.8660501 -0.3426777
0.9512503 -1.203877
1.571505 +1.015249
1.178084 +1.023255
0.6966377 +1.486976
1.299573 +0.2479737
1.206277 -0.8779384
0.9428251 +1.109012
1.825853 -0.498014
 -0.7614809 +0.5629678
 -0.2573886 -1.293962
 -0.1244475 -0.1272457
1.599294 -0.9391805
1.327891 -1.186944
0.1567784 +0.4345689
 -0.382843 +0.9423052
 -0.8830279 +0.3436759
1.974029 +0.2204943
1.265239 +1.167379
0.1535506 +0.9291685
 -0.3257135 -1.239823
 -0.03285453 +0.09566435
1.072735 -1.254133
0.295422 -1.485968
 -0.04493482 +1.381788
0.3031318 +0.9406197
 -0.7905451 -0.7194496
 -0.07352541 -0.6727599
 -0.016196 -1.304656
0.06166993 -0.2950048
0.05252523 +0.620169
 -0.3018723 -1.185394
 -0.4825816 +0.627725
1.402489 -0.6377482
1.497443 +1.015077
1.461589 +0.2664901
 -0.3625619 +1.220967
 -0.02679816 +1.398581
1.185241 -0.5603523
1.23437 -1.278468
1.56158 -0.5208297
 -0.949976 +0.1467706
 -0.2955306 -0.801829
0.7653086 -0.5735648
1.484035 +0.9079751
1.361128 +0.06242665
0.2235728 +1.472077
1.026949 +1.308618
0.6841741 -1.454746
0.0936917 +1.058371
 -0.3643768 +1.221011
 -0.6418738 +0.6073342
0.7895867 +1.307552
1.915179 +0.4125711
0.1959413 +0.5723026
1.447977 +1.120316
 -0.528625 -1.070581
1.2924 -0.9828578
 -0.1378248 -0.1099455
1.44369 +0.4497335
1.529551 +0.199197
0.0116369 +0.5724584
 -0.2532936 -0.13789
 -0.3084383 -1.217704
0.7703161 +1.162301
 -0.3903697 +1.180555
 -0.9180934 +0.1169283
1.311566 -1.09911
 -0.2687656 +0.08752415
1.402948 -0.04615775
1.627635 -0.6102334
 -0.6694623 +0.008189671
1.524247 +0.2854303
1.644666 +0.9275387
1.133736 -0.1693456
0.4885997 -0.9474714
1.696354 +0.5889673
1.086984 -1.168352
 -0.001631686 +1.15366
 -0.9246192 -0.4135196
 -0.2671973 +0.2762862
0.6594529 -1.485258
0.2798555 -1.477924
0.3482517 +0.6882265
0.4880598 +1.405047
 -0.2238085 +1.104541
1.726432 -0.8579781
1.739136 +0.3131697
0.7273713 +0.7704635
 -0.8978856 -0.3230608
 -0.06177711 +0.3913317
0.03512003 -1.38553
 -0.6528978 -0.9237263
1.060345 +1.390177
1.610007 +0.5437495
1.424644 -1.030357
0.01295283 -1.408576
1.067393 -0.1480026
0.8578417 -1.396002
0.2253941 +1.439165
 -0.700508 -0.06020752
0.871812 +0.6135694
0.304619 -0.9508331
0.07114031 -0.874605
1.328656 +0.01899905
0.8431867 +0.6009654
 -0.01407969 +1.337914
1.233667 -0.8553724
1.955785 +0.04233614
1.436984 +1.111327
 -0.8181266 -0.01797978
1.105352 +0.5976109
 -0.04448511 -0.6220903
 -0.6031153 -0.5296113
1.159708 +0.8819299
0.8491418 -0.77278
 -0.2866424 -0.8200665
1.648142 -0.2938515
0.178394 -1.384383
0.8952315 +1.329757
 -0.8815868 +0.581012
0.3049037 +0.5971672
 -0.2850505 -1.20923
 -0.5654127 -0.9732905
0.8904307 +0.3837066
1.314834 +0.9917457
0.660457 +1.420745
0.9112619 -1.430683
1.762249 -0.6086646
1.387172 +0.4661584
 -0.8388908 +0.6568692
0.5378076 +0.5343922
 -0.6635973 -0.728199
 -0.9998129 +0.008003489
1.79654 +0.7202063
1.204915 -1.256131
1.028197 -0.2273729
1.523561 -0.5781884
 -0.5402402 +0.6599123
 -0.1078137 -0.5285059
0.439994 +1.123149
0.6201594 -0.5667284
0.4771172 -0.5813103
1.431533 +0.7893282
0.7791451 +0.4282957
 -0.5665982 +0.453387
1.195255 -0.1861169
1.306083 +0.9026827
0.286351 +1.468409
 -0.198866 -0.6603186
0.6229047 +1.231975
0.2350892 -0.4334963
0.1446206 -0.7525552
0.5467928 +0.6915579
0.5938154 +0.5103412
1.659592 +0.7581033
 -0.7331417 -0.7034955
0.8818106 -1.02965
 -0.2918969 +0.2644199
1.34973 +0.05233151
1.339273 -0.1621938
0.2364861 +0.9112235
 -0.05187787 +0.21223
 -0.5564475 -0.8796526
1.04578 +0.8565487
0.006615918 +1.317523
 -0.8860425 +0.5359818
0.9005885 -1.164334
 -0.3379971 +0.4885565
1.122988 -0.3400106
1.269373 -0.8172253
 -0.4276103 +0.3404803
0.6327674 -0.8490875
0.3860854 +0.7822054
 -0.7052394 +0.1888547
 -0.5324413 +0.7508053
0.01398963 -1.301947
 -0.2972347 -1.136047
0.4683124 +1.187261
1.15736 +1.336373
0.2751242 +0.8496678
1.128084 -1.122632
1.316965 -0.03019519
0.4045334 +0.4951806
 -0.5679815 +0.1913505
 -0.3340644 +0.8196074
 -0.5343139 -1.020825
 -0.6632292 -0.2873146
1.469693 +0.8751308
 -0.9937534 +0.09550986
0.2606834 -1.380381
0.005362007 +0.1272056
1.652991 -0.448606
1.505239 -0.7257893
0.4099294 +0.5581942
 -0.3437294 +0.5085843
 -0.9895808 -0.1743193
1.686069 +0.6496142
0.8312607 +1.461762
 -0.2682285 +1.043682
0.1733186 -1.427431
0.0494261 +0.3654415
1.252523 -0.8238231
0.8117493 -1.379223
 -0.3861378 +0.9980908
0.6522089 +1.354945
1.005578 -0.1870721
 -0.621457 +0.3711506
 -0.4945666 +0.6427321
0.5598471 -0.6129168
1.298848 -0.4499778
1.970517 +0.2680644
 -0.6090301 -0.6933002
0.2626159 -1.480594
1.355713 -1.033337
0.7331718 +1.421111
0.9695735 -0.4254521
 -0.2421287 +0.7457833
0.1154851 +1.324008
1.408529 -0.9132055
0.9658096 -0.4743309
0.7561941 +1.434446
1.109901 +1.32463
0.3258176 -0.5471113
0.1308754 -1.260184
0.8996338 -1.35272
 -0.437782 +1.164082
 -0.8772705 +0.06739879
 -0.09639417 -0.7529418
1.981193 -0.0856933
0.728375 -0.5112154
1.300729 +1.143104
1.885347 +0.5739038
 -0.4205129 -1.172865
0.1554489 +0.8442163
0.3780544 +0.9001478
1.430307 -1.1656
0.7249586 -1.155328
0.9804693 +0.1581701
 -0.2316197 +0.1498648
0.5693605 -0.5213752
1.478021 +0.03670562
0.790452 +0.4640273
1.97605 -0.1859729
0.6119421 +1.046683
0.7170506 +0.6035898
0.4983326 -0.7745326
1.951553 -0.3781116
 -0.28106 -0.1637835
 -0.9402265 +0.1374511
 -0.6079733 -0.5833321
1.473656 +1.116755
0.3137543 +1.189329
 -0.1782326 +0.209086
0.6720896 -1.378722
0.05434305 -0.6359398
1.851003 -0.6190182
1.28131 -1.218744
 -0.8123792 +0.6999007
 -0.2125219 -0.3517609
 -0.9271082 -0.2297029
 -0.4275049 -0.8450887
1.161082 +1.326785
0.01954703 +1.106859
 -0.212155 +0.03434525
1.014503 -1.292608
0.2279284 -0.7236996
1.962747 -0.258389
1.564145 -0.9833887
 -0.9470296 +0.3466539
1.467954 -0.469981
0.5463035 +0.5513105
0.06937668 -0.4764764
1.067622 -0.1775355
1.108358 +0.9009009
0.209538 +0.4117511
1.574589 +1.046092
 -0.2008116 +0.6298887
0.1183982 +0.4053795
1.069364 -0.3474658
1.298945 +0.6082022
 -0.2892661 -1.117285
0.8143073 -0.8900822
0.9875702 +0.1585905
0.205155 +1.158803
0.8659086 +0.9902598
 -0.9038475 +0.490674
 -0.3146893 +1.006245
1.780134 -0.5254494
 -0.7635146 -0.5134936
0.001549209 -1.412089
1.137443 -1.112448
0.9918906 +1.385319
0.9109389 -0.3905196
 -0.1664593 +0.9164271
0.3486465 +1.414851
1.272898 -1.103046
1.374745 +0.996586
0.2653919 +0.8408529
 -0.4791664 -1.083396
 -0.1210945 +0.06073567
0.9039168 -1.378199
0.0802835 -1.430909
0.1620862 +1.460888
1.37095 +0.9975382
 -0.9503801 +0.004280553
0.8109139 +0.5265238
 -0.12604 -0.8770645
 -0.7587072 -0.5974644
1.265775 +1.059308
 -0.1883307 +0.8695439
1.582321 -0.2320628
 -0.0526338 +0.1983856
 -0.3680359 +0.4695215
1.342772 -0.05422098
0.5500476 -0.4984975
1.19682 +1.09884
1.840123 +0.6485088
 -0.3300267 -1.189699
0.4280201 +0.9178404
0.4836988 +0.543797
0.6799746 -0.6224377
1.666351 -0.7402154
 -0.9447315 +0.08470403
 -0.7953592 -0.7288067
